0.802197802197802 0.197802197802198
0.718571428571429 0.281428571428571
0.744565217391304 0.255434782608696
0.566473988439306 0.433526011560694
0.900887573964497 0.099112426035503
0.878415300546448 0.121584699453552
0.93854748603352 0.0614525139664804
0.974719101123595 0.0252808988764045
0.968660968660969 0.0313390313390313
0.971976401179941 0.028023598820059
0.934328358208955 0.0656716417910448
0.0525606469002695 0.94743935309973
0.947154471544715 0.0528455284552846
0.933544303797468 0.0664556962025316
0.87220447284345 0.12779552715655
0.303523035230352 0.696476964769648
0.777929155313351 0.222070844686649
0.980446927374302 0.0195530726256983
0.959016393442623 0.040983606557377
0.846045197740113 0.153954802259887
0.855960264900662 0.144039735099338
0.988919667590028 0.0110803324099723
0.879551820728291 0.120448179271709
0.930327868852459 0.069672131147541
0.908963585434174 0.0910364145658263
0.950980392156863 0.0490196078431373
0.918803418803419 0.0811965811965812
0.933060109289617 0.0669398907103825
0.791066282420749 0.208933717579251
0.892128279883382 0.107871720116618
0.922651933701657 0.0773480662983425
0.963215258855586 0.0367847411444142
0.926865671641791 0.073134328358209
0.965714285714286 0.0342857142857143
0.973901098901099 0.0260989010989011
0.930882352941176 0.0691176470588235
0.937845303867403 0.0621546961325967
0.791193181818182 0.208806818181818
0.564724919093851 0.435275080906149
0.933060109289617 0.0669398907103825
0.956284153005464 0.0437158469945355
0.848189415041783 0.151810584958217
0.448228882833787 0.551771117166213
0.970108695652174 0.0298913043478261
0.970670391061452 0.0293296089385475
0.916201117318436 0.0837988826815642
0.904432132963989 0.0955678670360111
0.877358490566038 0.122641509433962
0.957142857142857 0.0428571428571429
0.962290502793296 0.0377094972067039
0.98780487804878 0.0121951219512195
0.865963855421687 0.134036144578313
0.946540880503145 0.0534591194968553
0.546575342465753 0.453424657534247
0.309116809116809 0.690883190883191
0.965417867435158 0.0345821325648415
0.950892857142857 0.0491071428571429
0.963414634146341 0.0365853658536585
0.796783625730994 0.203216374269006
0.802795031055901 0.197204968944099
0.897540983606557 0.102459016393443
0.9859375 0.0140625
0.956521739130435 0.0434782608695652
0.870716510903427 0.129283489096573
0.906849315068493 0.0931506849315069
0.958452722063037 0.0415472779369628
0.911174785100286 0.0888252148997135
0.955405405405405 0.0445945945945946
0.934210526315789 0.0657894736842105
0.866391184573003 0.133608815426997
0.05 0.95
0.503095975232198 0.496904024767802
0.845205479452055 0.154794520547945
0.803174603174603 0.196825396825397
0.952302631578947 0.0476973684210526
0.943820224719101 0.0561797752808989
0.637123745819398 0.362876254180602
0.91025641025641 0.0897435897435897
0.953651685393258 0.0463483146067416
0.624649859943978 0.375350140056022
0.964080459770115 0.0359195402298851
0.865753424657534 0.134246575342466
0.959349593495935 0.040650406504065
0.322802197802198 0.677197802197802
0.900293255131965 0.0997067448680352
0.825958702064897 0.174041297935103
0.949864498644986 0.0501355013550136
0.775815217391304 0.224184782608696
0.279166666666667 0.720833333333333
0.944915254237288 0.0550847457627119
0.967032967032967 0.032967032967033
0.739554317548747 0.260445682451253
0.596994535519126 0.403005464480874
0.778532608695652 0.221467391304348
0.628767123287671 0.371232876712329
0.988571428571429 0.0114285714285714
0.698324022346369 0.301675977653631
0.830532212885154 0.169467787114846
0.879452054794521 0.120547945205479
0.977272727272727 0.0227272727272727
0.928985507246377 0.0710144927536232
0.438858695652174 0.561141304347826
0.844827586206897 0.155172413793103
0.614243323442137 0.385756676557863
0.860128617363344 0.139871382636656
0.582043343653251 0.417956656346749
0.918461538461538 0.0815384615384615
0.868271954674221 0.131728045325779
0.764945652173913 0.235054347826087
0.872670807453416 0.127329192546584
0.978201634877384 0.0217983651226158
0.936314363143631 0.0636856368563686
0.957746478873239 0.0422535211267606
0.927989130434783 0.0720108695652174
0.739130434782609 0.260869565217391
0.944444444444444 0.0555555555555556
0.985054347826087 0.014945652173913
0.785907859078591 0.214092140921409
0.870523415977961 0.129476584022039
0.690397350993378 0.309602649006623
0.933933933933934 0.0660660660660661
0.112813370473538 0.887186629526462
0.919220055710306 0.0807799442896936
0.956639566395664 0.043360433604336
0.654098360655738 0.345901639344262
0.561797752808989 0.438202247191011
0.36039886039886 0.63960113960114
0.948324022346369 0.0516759776536313
0.190340909090909 0.809659090909091
0.0783475783475783 0.921652421652422
0.378012048192771 0.621987951807229
0.87972972972973 0.12027027027027
0.397239263803681 0.602760736196319
0.971311475409836 0.0286885245901639
0.805722891566265 0.194277108433735
0.79108635097493 0.20891364902507
0.925561797752809 0.074438202247191
0.989159891598916 0.010840108401084
0.623287671232877 0.376712328767123
0.385989010989011 0.614010989010989
0.969187675070028 0.030812324929972
0.737771739130435 0.262228260869565
0.938692098092643 0.061307901907357
0.963076923076923 0.0369230769230769
0.98489010989011 0.0151098901098901
0.805825242718447 0.194174757281553
0.947674418604651 0.0523255813953488
0.78 0.22
0.944126074498567 0.0558739255014327
0.841530054644809 0.158469945355191
0.873626373626374 0.126373626373626
0.739766081871345 0.260233918128655
0.945945945945946 0.0540540540540541
0.943213296398892 0.056786703601108
0.85828025477707 0.14171974522293
0.847945205479452 0.152054794520548
0.973988439306358 0.0260115606936416
0.948611111111111 0.0513888888888889
0.952453987730061 0.0475460122699387
0.955678670360111 0.0443213296398892
0.961643835616438 0.0383561643835616
0.967647058823529 0.0323529411764706
0.807065217391304 0.192934782608696
0.86271676300578 0.13728323699422
0.896306818181818 0.103693181818182
0.42042042042042 0.57957957957958
0.334310850439883 0.665689149560117
0.950549450549451 0.0494505494505494
0.964673913043478 0.0353260869565217
0.96031746031746 0.0396825396825397
0.929558011049724 0.0704419889502762
0.927514792899408 0.0724852071005917
0.955489614243323 0.0445103857566766
0.678466076696165 0.321533923303835
0.865819209039548 0.134180790960452
0.602134146341463 0.397865853658537
0.439169139465875 0.560830860534125
0.982384823848238 0.0176151761517615
0.943965517241379 0.0560344827586207
0.191576086956522 0.808423913043478
0.930397727272727 0.0696022727272727
0.597402597402597 0.402597402597403
0.822530864197531 0.177469135802469
0.986413043478261 0.0135869565217391
0.942622950819672 0.0573770491803279
0.914772727272727 0.0852272727272727
0.947887323943662 0.052112676056338
0.547687861271676 0.452312138728324
0.802023121387283 0.197976878612717
0.905714285714286 0.0942857142857143
0.628808864265928 0.371191135734072
0.987704918032787 0.0122950819672131
0.926630434782609 0.0733695652173913
0.772463768115942 0.227536231884058
0.934210526315789 0.0657894736842105
0.18960244648318 0.81039755351682
0.857142857142857 0.142857142857143
0.914772727272727 0.0852272727272727
0.970027247956403 0.0299727520435967
0.965083798882682 0.0349162011173184
0.596205962059621 0.403794037940379
0.582848837209302 0.417151162790698
0.874617737003058 0.125382262996942
0.952445652173913 0.047554347826087
0.966867469879518 0.0331325301204819
0.888283378746594 0.111716621253406
0.511396011396011 0.488603988603989
0.695522388059701 0.304477611940298
0.459501557632399 0.540498442367601
0.695224719101124 0.304775280898876
0.628808864265928 0.371191135734072
0.985632183908046 0.014367816091954
0.823170731707317 0.176829268292683
0.782738095238095 0.217261904761905
0.708108108108108 0.291891891891892
0.21183800623053 0.78816199376947
0.98050139275766 0.0194986072423398
0.915966386554622 0.0840336134453782
0.37887323943662 0.62112676056338
0.479166666666667 0.520833333333333
0.898630136986301 0.101369863013699
0.632132132132132 0.367867867867868
0.939890710382514 0.0601092896174863
0.0450581395348837 0.954941860465116
0.472809667673716 0.527190332326284
0.989913544668588 0.0100864553314121
0.30672268907563 0.69327731092437
0.668478260869565 0.331521739130435
0.400560224089636 0.599439775910364
0.854223433242507 0.145776566757493
0.948087431693989 0.0519125683060109
0.712162162162162 0.287837837837838
0.904477611940299 0.0955223880597015
0.985714285714286 0.0142857142857143
0.939775910364146 0.0602240896358543
0.956896551724138 0.0431034482758621
0.976712328767123 0.0232876712328767
0.375 0.625
0.945652173913043 0.0543478260869565
0.889044943820225 0.110955056179775
0.88855421686747 0.11144578313253
0.860054347826087 0.139945652173913
0.203125 0.796875
0.930894308943089 0.0691056910569106
0.854166666666667 0.145833333333333
0.754716981132076 0.245283018867925
0.8 0.2
0.987671232876712 0.0123287671232877
0.813370473537604 0.186629526462396
0.612771739130435 0.387228260869565
0.32370820668693 0.67629179331307
0.143059490084986 0.856940509915014
0.921965317919075 0.0780346820809249
0.865894039735099 0.134105960264901
0.985955056179775 0.0140449438202247
0.856756756756757 0.143243243243243
0.760655737704918 0.239344262295082
0.010958904109589 0.989041095890411
0.842261904761905 0.157738095238095
0.977088948787062 0.022911051212938
0.9 0.1
0.910294117647059 0.0897058823529412
0.979564032697548 0.0204359673024523
0.987704918032787 0.0122950819672131
0.92603550295858 0.0739644970414201
0.459375 0.540625
0.981843575418994 0.0181564245810056
0.96177370030581 0.0382262996941896
0.797222222222222 0.202777777777778
0.90453074433657 0.0954692556634304
0.274052478134111 0.725947521865889
0.968115942028986 0.0318840579710145
0.635734072022161 0.364265927977839
0.915277777777778 0.0847222222222222
0.984764542936288 0.0152354570637119
0.742547425474255 0.257452574525745
0.945619335347432 0.054380664652568
0.707317073170732 0.292682926829268
0.929362880886427 0.0706371191135734
0.742547425474255 0.257452574525745
0.94413407821229 0.0558659217877095
0.868852459016393 0.131147540983607
0.893258426966292 0.106741573033708
0.167621776504298 0.832378223495702
0.949152542372881 0.0508474576271186
0.847411444141689 0.152588555858311
0.577445652173913 0.422554347826087
0.793002915451895 0.206997084548105
0.340361445783133 0.659638554216867
0.897398843930636 0.102601156069364
0.326923076923077 0.673076923076923
0.908469945355191 0.0915300546448087
0.983739837398374 0.016260162601626
0.786111111111111 0.213888888888889
0.875714285714286 0.124285714285714
0.378299120234604 0.621700879765396
0.258196721311475 0.741803278688525
0.962099125364432 0.0379008746355685
0.092032967032967 0.907967032967033
0.949453551912568 0.0505464480874317
0.830965909090909 0.169034090909091
0.850684931506849 0.149315068493151
0.918767507002801 0.0812324929971989
0.582655826558266 0.417344173441734
0.816715542521994 0.183284457478006
0.926592797783934 0.0734072022160665
0.835164835164835 0.164835164835165
0.806233062330623 0.193766937669377
0.986376021798365 0.0136239782016349
0.816438356164384 0.183561643835616
0.792582417582418 0.207417582417582
0.988700564971751 0.0112994350282486
0.93360433604336 0.0663956639566396
0.858974358974359 0.141025641025641
0.455405405405405 0.544594594594595
0.915760869565217 0.0842391304347826
0.912983425414365 0.0870165745856354
0.902597402597403 0.0974025974025974
0.956869009584665 0.0431309904153355
0.894285714285714 0.105714285714286
0.96875 0.03125
0.762942779291553 0.237057220708447
0.356697819314642 0.643302180685358
0.953560371517028 0.0464396284829721
0.828571428571429 0.171428571428571
0.893982808022923 0.106017191977077
0.985054347826087 0.014945652173913
0.913513513513514 0.0864864864864865
0.964788732394366 0.0352112676056338
0.816939890710383 0.183060109289617
0.784916201117318 0.215083798882682
0.76158038147139 0.23841961852861
0.808743169398907 0.191256830601093
0.904432132963989 0.0955678670360111
0.397297297297297 0.602702702702703
0.853197674418605 0.146802325581395
0.0947802197802198 0.90521978021978
0.908682634730539 0.0913173652694611
0.752717391304348 0.247282608695652
0.904891304347826 0.0951086956521739
0.915068493150685 0.0849315068493151
0.9579945799458 0.0420054200542005
0.967605633802817 0.0323943661971831
0.973421926910299 0.026578073089701
0.150306748466258 0.849693251533742
0.986413043478261 0.0135869565217391
0.663690476190476 0.336309523809524
0.646084337349398 0.353915662650602
0.94392523364486 0.0560747663551402
0.847107438016529 0.152892561983471
0.975714285714286 0.0242857142857143
0.800872093023256 0.199127906976744
0.345481049562682 0.654518950437318
0.215846994535519 0.784153005464481
0.649051490514905 0.350948509485095
0.762942779291553 0.237057220708447
0.967479674796748 0.032520325203252
0.889908256880734 0.110091743119266
0.772727272727273 0.227272727272727
0.655737704918033 0.344262295081967
0.958791208791209 0.0412087912087912
0.667123287671233 0.332876712328767
0.441576086956522 0.558423913043478
0.972826086956522 0.0271739130434783
0.908469945355191 0.0915300546448087
0.418032786885246 0.581967213114754
0.84958217270195 0.15041782729805
0.853185595567867 0.146814404432133
0.463013698630137 0.536986301369863
0.821895424836601 0.178104575163399
0.97008547008547 0.0299145299145299
0.941666666666667 0.0583333333333333
0.863333333333333 0.136666666666667
0.740947075208914 0.259052924791086
0.4375 0.5625
0.809667673716012 0.190332326283988
0.879746835443038 0.120253164556962
0.809451219512195 0.190548780487805
0.955284552845528 0.0447154471544715
0.335755813953488 0.664244186046512
0.898630136986301 0.101369863013699
0.963114754098361 0.0368852459016393
0.699186991869919 0.300813008130081
0.82262996941896 0.17737003058104
0.948369565217391 0.0516304347826087
0.752307692307692 0.247692307692308
0.922972972972973 0.077027027027027
0.180645161290323 0.819354838709677
0.390350877192982 0.609649122807018
0.770083102493075 0.229916897506925
0.924119241192412 0.0758807588075881
0.934959349593496 0.0650406504065041
0.485955056179775 0.514044943820225
0.915151515151515 0.0848484848484849
0.980769230769231 0.0192307692307692
0.910112359550562 0.0898876404494382
0.596100278551532 0.403899721448468
0.929824561403509 0.0701754385964912
0.946478873239437 0.0535211267605634
0.885220125786163 0.114779874213836
0.946587537091988 0.0534124629080119
0.752186588921283 0.247813411078717
0.813609467455621 0.186390532544379
0.837874659400545 0.162125340599455
0.472067039106145 0.527932960893855
0.800859598853868 0.199140401146132
0.985175202156334 0.0148247978436658
0.884615384615385 0.115384615384615
0.922131147540984 0.0778688524590164
0.939873417721519 0.060126582278481
0.146239554317549 0.853760445682451
0.397540983606557 0.602459016393443
0.980926430517711 0.0190735694822888
0.764227642276423 0.235772357723577
0.703252032520325 0.296747967479675
0.920110192837466 0.0798898071625344
0.905149051490515 0.0948509485094851
0.519480519480519 0.480519480519481
0.853994490358127 0.146005509641873
0.432584269662921 0.567415730337079
0.987359550561798 0.0126404494382022
0.732336956521739 0.267663043478261
0.989489489489489 0.0105105105105105
0.685483870967742 0.314516129032258
0.978319783197832 0.021680216802168
0.983128834355828 0.0168711656441718
0.563025210084034 0.436974789915966
0.801939058171745 0.198060941828255
0.322010869565217 0.677989130434783
0.945427728613569 0.0545722713864307
0.864010989010989 0.135989010989011
0.724137931034483 0.275862068965517
0.446531791907514 0.553468208092486
0.0182584269662921 0.981741573033708
0.744285714285714 0.255714285714286
0.789402173913043 0.210597826086957
0.94364161849711 0.0563583815028902
0.102011494252874 0.897988505747126
0.964769647696477 0.035230352303523
0.822950819672131 0.177049180327869
0.491869918699187 0.508130081300813
0.664835164835165 0.335164835164835
0.919618528610354 0.0803814713896458
0.980716253443526 0.0192837465564738
0.751524390243902 0.248475609756098
0.896848137535817 0.103151862464183
0.843567251461988 0.156432748538012
0.716257668711656 0.283742331288344
0.784285714285714 0.215714285714286
0.934246575342466 0.0657534246575342
0.822493224932249 0.177506775067751
0.966763005780347 0.0332369942196532
0.848238482384824 0.151761517615176
0.911357340720222 0.0886426592797784
0.810089020771513 0.189910979228487
0.948033707865168 0.0519662921348315
0.524079320113314 0.475920679886686
0.623306233062331 0.376693766937669
0.962912087912088 0.0370879120879121
0.345528455284553 0.654471544715447
0.904191616766467 0.0958083832335329
0.535812672176309 0.464187327823691
0.732970027247956 0.267029972752044
0.929155313351499 0.0708446866485014
0.44550408719346 0.55449591280654
0.980662983425414 0.0193370165745856
0.728882833787466 0.271117166212534
0.968232044198895 0.031767955801105
0.491253644314869 0.508746355685131
0.537940379403794 0.462059620596206
0.938053097345133 0.0619469026548673
0.713896457765668 0.286103542234332
0.894067796610169 0.105932203389831
0.955927051671733 0.0440729483282675
0.447592067988669 0.552407932011331
0.446646341463415 0.553353658536585
0.438906752411576 0.561093247588424
0.90625 0.09375
0.965217391304348 0.0347826086956522
0.944444444444444 0.0555555555555556
0.957377049180328 0.0426229508196721
0.698300283286119 0.301699716713881
0.858381502890173 0.141618497109827
0.963788300835655 0.0362116991643454
0.989041095890411 0.010958904109589
0.985590778097983 0.0144092219020173
0.580128205128205 0.419871794871795
0.947154471544715 0.0528455284552846
0.908839779005525 0.0911602209944751
0.764124293785311 0.235875706214689
0.25 0.75
0.987603305785124 0.012396694214876
0.986449864498645 0.013550135501355
0.966942148760331 0.0330578512396694
0.922437673130194 0.0775623268698061
0.872222222222222 0.127777777777778
0.960063897763578 0.0399361022364217
0.774861878453039 0.225138121546961
0.921824104234528 0.0781758957654723
0.836890243902439 0.163109756097561
0.853982300884956 0.146017699115044
0.952908587257618 0.0470914127423823
0.803779069767442 0.196220930232558
0.963215258855586 0.0367847411444142
0.968023255813954 0.0319767441860465
0.96027397260274 0.0397260273972603
0.953703703703704 0.0462962962962963
0.967741935483871 0.032258064516129
0.884615384615385 0.115384615384615
0.949295774647887 0.0507042253521127
0.811764705882353 0.188235294117647
0.895316804407714 0.104683195592287
0.776143790849673 0.223856209150327
0.961300309597523 0.0386996904024768
0.971098265895954 0.0289017341040462
0.72112676056338 0.27887323943662
0.982142857142857 0.0178571428571429
0.958217270194986 0.0417827298050139
0.986607142857143 0.0133928571428571
0.903846153846154 0.0961538461538462
0.988405797101449 0.0115942028985507
0.981944444444444 0.0180555555555556
0.949685534591195 0.050314465408805
0.888563049853372 0.111436950146628
0.565826330532213 0.434173669467787
0.924657534246575 0.0753424657534247
0.951117318435754 0.0488826815642458
0.610429447852761 0.389570552147239
0.79595015576324 0.20404984423676
0.518018018018018 0.481981981981982
0.847457627118644 0.152542372881356
0.829166666666667 0.170833333333333
0.961971830985916 0.0380281690140845
0.897142857142857 0.102857142857143
0.942434210526316 0.0575657894736842
0.370572207084469 0.629427792915531
0.171091445427729 0.828908554572271
0.941666666666667 0.0583333333333333
0.950320512820513 0.0496794871794872
0.884735202492212 0.115264797507788
0.837792642140468 0.162207357859532
0.792119565217391 0.207880434782609
0.969230769230769 0.0307692307692308
0.788674033149171 0.211325966850829
0.937669376693767 0.0623306233062331
0.987138263665595 0.0128617363344051
0.376373626373626 0.623626373626374
0.908637873754153 0.0913621262458472
0.820113314447592 0.179886685552408
0.940845070422535 0.0591549295774648
0.962171052631579 0.0378289473684211
0.0611620795107034 0.938837920489297
0.458563535911602 0.541436464088398
0.963483146067416 0.0365168539325843
0.989795918367347 0.0102040816326531
0.972491909385113 0.0275080906148867
0.367897727272727 0.632102272727273
0.974431818181818 0.0255681818181818
0.984126984126984 0.0158730158730159
0.405149051490515 0.594850948509485
0.932432432432432 0.0675675675675676
0.422131147540984 0.577868852459016
0.828804347826087 0.171195652173913
0.942253521126761 0.0577464788732394
0.962962962962963 0.037037037037037
0.936555891238671 0.0634441087613293
0.877611940298507 0.122388059701493
0.308823529411765 0.691176470588235
0.810198300283286 0.189801699716714
0.960960960960961 0.039039039039039
0.946745562130177 0.0532544378698225
0.975274725274725 0.0247252747252747
0.655714285714286 0.344285714285714
0.162337662337662 0.837662337662338
0.353820598006645 0.646179401993355
0.729619565217391 0.270380434782609
0.43 0.57
0.987465181058496 0.0125348189415042
0.595930232558139 0.40406976744186
0.964187327823691 0.0358126721763085
0.953216374269006 0.0467836257309941
0.989971346704871 0.0100286532951289
0.974719101123595 0.0252808988764045
0.941666666666667 0.0583333333333333
0.911845730027548 0.0881542699724518
0.95059880239521 0.0494011976047904
0.974431818181818 0.0255681818181818
0.986225895316804 0.0137741046831956
0.792424242424242 0.207575757575758
0.988919667590028 0.0110803324099723
0.91404011461318 0.0859598853868195
0.776162790697674 0.223837209302326
0.605654761904762 0.394345238095238
0.906626506024096 0.0933734939759036
0.757660167130919 0.242339832869081
0.896084337349398 0.103915662650602
0.262569832402235 0.737430167597765
0.767567567567568 0.232432432432432
0.767241379310345 0.232758620689655
0.93070652173913 0.0692934782608696
0.89193083573487 0.10806916426513
0.748344370860927 0.251655629139073
0.660493827160494 0.339506172839506
0.191964285714286 0.808035714285714
0.923184357541899 0.0768156424581006
0.839943342776204 0.160056657223796
0.985754985754986 0.0142450142450142
0.958791208791209 0.0412087912087912
0.681318681318681 0.318681318681319
0.888728323699422 0.111271676300578
0.649051490514905 0.350948509485095
0.815718157181572 0.184281842818428
0.932960893854749 0.0670391061452514
0.788828337874659 0.211171662125341
0.481792717086835 0.518207282913165
0.867897727272727 0.132102272727273
0.714488636363636 0.285511363636364
0.978082191780822 0.0219178082191781
0.859195402298851 0.140804597701149
0.747875354107649 0.252124645892351
0.714092140921409 0.285907859078591
0.870262390670554 0.129737609329446
0.930599369085173 0.0694006309148265
0.981159420289855 0.0188405797101449
0.376132930513595 0.623867069486405
0.977900552486188 0.0220994475138122
0.884244372990354 0.115755627009646
0.960567823343849 0.0394321766561514
0.78125 0.21875
0.661904761904762 0.338095238095238
0.945224719101124 0.0547752808988764
0.938871473354232 0.061128526645768
0.396253602305476 0.603746397694525
0.25920245398773 0.74079754601227
0.972477064220184 0.0275229357798165
0.162011173184358 0.837988826815642
0.539509536784741 0.460490463215259
0.96875 0.03125
0.984662576687117 0.0153374233128834
0.810773480662983 0.189226519337017
0.495934959349593 0.504065040650406
0.556022408963585 0.443977591036415
0.957650273224044 0.0423497267759563
0.841666666666667 0.158333333333333
0.778662420382166 0.221337579617834
0.964959568733154 0.0350404312668464
0.547683923705722 0.452316076294278
0.198412698412698 0.801587301587302
0.852209944751381 0.147790055248619
0.968834688346883 0.0311653116531165
0.550151975683891 0.449848024316109
0.842541436464088 0.157458563535912
0.784552845528455 0.215447154471545
0.615131578947368 0.384868421052632
0.936363636363636 0.0636363636363636
0.982866043613707 0.0171339563862928
0.842647058823529 0.157352941176471
0.964985994397759 0.0350140056022409
0.976964769647697 0.0230352303523035
0.798270893371758 0.201729106628242
0.932960893854749 0.0670391061452514
0.904918032786885 0.0950819672131148
0.461538461538462 0.538461538461538
0.86376404494382 0.13623595505618
0.794594594594595 0.205405405405405
0.471671388101983 0.528328611898017
0.326979472140762 0.673020527859237
0.83134328358209 0.16865671641791
0.795945945945946 0.204054054054054
0.911111111111111 0.0888888888888889
0.959128065395095 0.0408719346049046
0.879551820728291 0.120448179271709
0.681198910081744 0.318801089918256
0.689265536723164 0.310734463276836
0.926666666666667 0.0733333333333333
0.076056338028169 0.923943661971831
0.754360465116279 0.245639534883721
0.902173913043478 0.0978260869565217
0.881542699724518 0.118457300275482
0.67983651226158 0.32016348773842
0.91839762611276 0.0816023738872404
0.913690476190476 0.0863095238095238
0.963114754098361 0.0368852459016393
0.714681440443213 0.285318559556787
0.914705882352941 0.0852941176470588
0.953168044077135 0.046831955922865
0.965361445783133 0.0346385542168675
0.960606060606061 0.0393939393939394
0.92603550295858 0.0739644970414201
0.838315217391304 0.161684782608696
0.886297376093295 0.113702623906706
0.141104294478528 0.858895705521472
0.644817073170732 0.355182926829268
0.625 0.375
0.932692307692308 0.0673076923076923
0.951754385964912 0.0482456140350877
0.989071038251366 0.0109289617486339
0.880466472303207 0.119533527696793
0.65564738292011 0.34435261707989
0.746130030959752 0.253869969040248
0.710914454277286 0.289085545722714
0.88121546961326 0.11878453038674
0.808943089430894 0.191056910569106
0.652866242038217 0.347133757961783
0.927027027027027 0.072972972972973
0.986263736263736 0.0137362637362637
0.759554140127389 0.240445859872611
0.916149068322981 0.0838509316770186
0.92603550295858 0.0739644970414201
0.961661341853035 0.0383386581469649
0.908077994428969 0.0919220055710306
0.985094850948509 0.0149051490514905
0.831230283911672 0.168769716088328
0.948179271708683 0.0518207282913165
0.831444759206799 0.168555240793201
0.898097826086957 0.101902173913043
0.905994550408719 0.0940054495912807
0.666666666666667 0.333333333333333
0.97289972899729 0.02710027100271
0.0317919075144509 0.968208092485549
0.547058823529412 0.452941176470588
0.807901907356948 0.192098092643052
0.968023255813954 0.0319767441860465
0.877941176470588 0.122058823529412
0.940379403794038 0.0596205962059621
0.805466237942122 0.194533762057878
0.979827089337176 0.0201729106628242
0.930473372781065 0.0695266272189349
0.933139534883721 0.0668604651162791
0.829201101928375 0.170798898071625
0.158967391304348 0.841032608695652
0.43956043956044 0.56043956043956
0.974164133738602 0.0258358662613982
0.921052631578947 0.0789473684210526
0.530346820809249 0.469653179190751
0.72 0.28
0.906685236768802 0.0933147632311978
0.961538461538462 0.0384615384615385
0.597796143250689 0.402203856749311
0.729032258064516 0.270967741935484
0.423287671232877 0.576712328767123
0.301699716713881 0.698300283286119
0.938066465256798 0.0619335347432024
0.733516483516483 0.266483516483516
0.802052785923754 0.197947214076246
0.742547425474255 0.257452574525745
0.989130434782609 0.0108695652173913
0.869806094182826 0.130193905817175
0.905405405405405 0.0945945945945946
0.971509971509972 0.0284900284900285
0.831506849315068 0.168493150684932
0.904899135446686 0.0951008645533141
0.576712328767123 0.423287671232877
0.17574931880109 0.82425068119891
0.110054347826087 0.889945652173913
0.940983606557377 0.059016393442623
0.978201634877384 0.0217983651226158
0.978201634877384 0.0217983651226158
0.935483870967742 0.0645161290322581
0.92972972972973 0.0702702702702703
0.983606557377049 0.0163934426229508
0.974184782608696 0.0258152173913043
0.955445544554455 0.0445544554455446
0.520491803278688 0.479508196721311
0.0967741935483871 0.903225806451613
0.900544959128065 0.0994550408719346
0.869918699186992 0.130081300813008
0.788515406162465 0.211484593837535
0.826502732240437 0.173497267759563
0.0583333333333333 0.941666666666667
0.192691029900332 0.807308970099668
0.773700305810398 0.226299694189602
0.889204545454545 0.110795454545455
0.94060773480663 0.0593922651933702
0.903532608695652 0.0964673913043478
0.97027027027027 0.0297297297297297
0.966197183098592 0.0338028169014084
0.938718662952646 0.0612813370473538
0.420454545454545 0.579545454545455
0.918604651162791 0.0813953488372093
0.92896174863388 0.0710382513661202
0.591280653950954 0.408719346049046
0.93854748603352 0.0614525139664804
0.983516483516483 0.0164835164835165
0.104294478527607 0.895705521472393
0.555555555555556 0.444444444444444
0.893895348837209 0.106104651162791
0.584097859327217 0.415902140672783
0.277472527472527 0.722527472527473
0.465045592705167 0.534954407294833
0.582191780821918 0.417808219178082
0.962264150943396 0.0377358490566038
0.863768115942029 0.136231884057971
0.771587743732591 0.228412256267409
0.962574850299401 0.0374251497005988
0.976902173913043 0.0230978260869565
0.827217125382263 0.172782874617737
0.866043613707165 0.133956386292835
0.612852664576803 0.387147335423198
0.233425414364641 0.766574585635359
0.93801652892562 0.0619834710743802
0.84435261707989 0.15564738292011
0.240168539325843 0.759831460674157
0.927762039660057 0.0722379603399433
0.967605633802817 0.0323943661971831
0.824512534818941 0.175487465181058
0.884057971014493 0.115942028985507
0.757617728531856 0.242382271468144
0.909836065573771 0.0901639344262295
0.878151260504202 0.121848739495798
0.947882736156352 0.0521172638436482
0.800813008130081 0.199186991869919
0.989705882352941 0.0102941176470588
0.909221902017291 0.0907780979827089
0.896739130434783 0.103260869565217
0.542721518987342 0.457278481012658
0.901084010840108 0.0989159891598916
0.577380952380952 0.422619047619048
0.946153846153846 0.0538461538461538
0.407079646017699 0.592920353982301
0.970108695652174 0.0298913043478261
0.968390804597701 0.0316091954022989
0.961325966850829 0.0386740331491713
0.947521865889213 0.0524781341107872
0.961852861035422 0.0381471389645777
0.975409836065574 0.0245901639344262
0.928370786516854 0.0716292134831461
0.961059190031153 0.0389408099688473
0.78125 0.21875
0.913698630136986 0.0863013698630137
0.655963302752294 0.344036697247706
0.614754098360656 0.385245901639344
0.515895953757225 0.484104046242775
0.828616352201258 0.171383647798742
0.946280991735537 0.0537190082644628
0.900576368876081 0.0994236311239193
0.95391061452514 0.0460893854748603
0.985013623978202 0.0149863760217984
0.886612021857924 0.113387978142077
0.911174785100286 0.0888252148997135
0.822010869565217 0.177989130434783
0.770186335403727 0.229813664596273
0.987704918032787 0.0122950819672131
0.552341597796143 0.447658402203857
0.105191256830601 0.894808743169399
0.942477876106195 0.0575221238938053
0.367688022284123 0.632311977715877
0.913165266106443 0.0868347338935574
0.909470752089137 0.0905292479108635
0.952522255192878 0.0474777448071217
0.918154761904762 0.0818452380952381
0.898071625344353 0.101928374655647
0.150974025974026 0.849025974025974
0.981081081081081 0.0189189189189189
0.926426426426426 0.0735735735735736
0.893243243243243 0.106756756756757
0.951117318435754 0.0488826815642458
0.824281150159744 0.175718849840256
0.877118644067797 0.122881355932203
0.668508287292818 0.331491712707182
0.900887573964497 0.099112426035503
0.950276243093923 0.0497237569060773
0.988472622478386 0.0115273775216138
0.911764705882353 0.0882352941176471
0.722841225626741 0.277158774373259
0.617469879518072 0.382530120481928
0.771857923497268 0.228142076502732
0.915989159891599 0.0840108401084011
0.492537313432836 0.507462686567164
0.889518413597734 0.110481586402266
0.79108635097493 0.20891364902507
0.869146005509642 0.130853994490358
0.216032608695652 0.783967391304348
0.95933734939759 0.0406626506024096
0.958990536277603 0.0410094637223975
0.590785907859079 0.409214092140921
0.980926430517711 0.0190735694822888
0.848571428571429 0.151428571428571
0.953079178885631 0.0469208211143695
0.742465753424657 0.257534246575342
0.970108695652174 0.0298913043478261
0.913114754098361 0.0868852459016393
0.187158469945355 0.812841530054645
0.954929577464789 0.0450704225352113
0.961647727272727 0.0383522727272727
0.982384823848238 0.0176151761517615
0.926829268292683 0.0731707317073171
0.556910569105691 0.443089430894309
0.893150684931507 0.106849315068493
0.668067226890756 0.331932773109244
0.606756756756757 0.393243243243243
0.501547987616099 0.498452012383901
0.986149584487535 0.0138504155124654
0.653950953678474 0.346049046321526
0.914804469273743 0.085195530726257
0.93452380952381 0.0654761904761905
0.811209439528024 0.188790560471976
0.954692556634304 0.0453074433656958
0.978142076502732 0.0218579234972678
0.498637602179836 0.501362397820163
0.952380952380952 0.0476190476190476
0.736486486486487 0.263513513513513
0.115702479338843 0.884297520661157
0.430868167202572 0.569131832797428
0.886494252873563 0.113505747126437
0.606849315068493 0.393150684931507
0.932203389830508 0.0677966101694915
0.986413043478261 0.0135869565217391
0.816568047337278 0.183431952662722
0.968055555555556 0.0319444444444444
0.742647058823529 0.257352941176471
0.968390804597701 0.0316091954022989
0.720994475138122 0.279005524861878
0.75 0.25
0.957880434782609 0.0421195652173913
0.952857142857143 0.0471428571428571
0.980769230769231 0.0192307692307692
0.754045307443366 0.245954692556634
0.894662921348315 0.105337078651685
0.813559322033898 0.186440677966102
0.950617283950617 0.0493827160493827
0.907859078590786 0.0921409214092141
0.832432432432432 0.167567567567568
0.957300275482094 0.0426997245179063
0.849862258953168 0.150137741046832
0.818181818181818 0.181818181818182
0.305797101449275 0.694202898550725
0.963258785942492 0.036741214057508
0.921917808219178 0.0780821917808219
0.947058823529412 0.0529411764705882
0.762228260869565 0.237771739130435
0.762872628726287 0.237127371273713
0.290760869565217 0.709239130434783
0.523598820058997 0.476401179941003
0.963302752293578 0.036697247706422
0.967302452316076 0.0326975476839237
0.589488636363636 0.410511363636364
0.965469613259669 0.0345303867403315
0.955040871934605 0.0449591280653951
0.785714285714286 0.214285714285714
0.941791044776119 0.0582089552238806
0.965299684542587 0.0347003154574132
0.902046783625731 0.097953216374269
0.504076086956522 0.495923913043478
0.958199356913183 0.0418006430868167
0.949864498644986 0.0501355013550136
0.940922190201729 0.0590778097982709
0.566576086956522 0.433423913043478
0.848484848484849 0.151515151515152
0.952247191011236 0.047752808988764
0.941666666666667 0.0583333333333333
0.983630952380952 0.0163690476190476
0.741758241758242 0.258241758241758
0.986322188449848 0.013677811550152
0.9 0.1
0.969604863221885 0.0303951367781155
0.968232044198895 0.031767955801105
0.847297297297297 0.152702702702703
0.729395604395604 0.270604395604396
0.975920679886686 0.0240793201133144
0.728971962616822 0.271028037383178
0.72463768115942 0.27536231884058
0.913698630136986 0.0863013698630137
0.659836065573771 0.340163934426229
0.956338028169014 0.0436619718309859
0.927989130434783 0.0720108695652174
0.925816023738872 0.0741839762611276
0.929362880886427 0.0706371191135734
0.746612466124661 0.253387533875339
0.97972972972973 0.0202702702702703
0.952646239554318 0.0473537604456825
0.830601092896175 0.169398907103825
0.286703601108033 0.713296398891967
0.641304347826087 0.358695652173913
0.909221902017291 0.0907780979827089
0.833333333333333 0.166666666666667
0.961538461538462 0.0384615384615385
0.930894308943089 0.0691056910569106
0.550135501355014 0.449864498644986
0.59771986970684 0.40228013029316
0.951219512195122 0.0487804878048781
0.596418732782369 0.403581267217631
0.916118421052632 0.0838815789473684
0.677111716621253 0.322888283378747
0.423547400611621 0.576452599388379
0.882352941176471 0.117647058823529
0.818820224719101 0.181179775280899
0.895095367847411 0.104904632152589
0.90625 0.09375
0.878048780487805 0.121951219512195
0.513623978201635 0.486376021798365
0.945833333333333 0.0541666666666667
0.960725075528701 0.0392749244712991
0.93002915451895 0.0699708454810496
0.633514986376022 0.366485013623978
0.987738419618529 0.0122615803814714
0.57967032967033 0.42032967032967
0.893465909090909 0.106534090909091
0.980926430517711 0.0190735694822888
0.942528735632184 0.0574712643678161
